1993ag 0.05 36.91 0.135
1993o 0.053 36.977 0.134
1993h 0.025 35.264 0.186
1993b 0.07 37.729 0.124
1992bs 0.063 37.722 0.131
1992br 0.088 38.353 0.143
1992bp 0.079 37.687 0.128
1992bo 0.017 34.815 0.235
1992bl 0.042 36.52 0.14
1992bh 0.045 36.771 0.139
1992bc 0.02 34.702 0.214
1992aq 0.101 38.696 0.126
1992ag 0.027 35.353 0.179
1992ae 0.075 37.832 0.129
1992p 0.026 35.694 0.188
1990af 0.05 36.872 0.137
1990o 0.031 35.714 0.163
2001cz 0.016 34.222 0.204
2001cn 0.015 34.145 0.219
2001ba 0.03 35.748 0.098
2000ca 0.025 35.13 0.135
2000bh 0.024 35.071 0.143
1999gp 0.026 35.512 0.129
1993ac 0.049 36.785 0.163
1994m 0.024 35.207 0.205
1994s 0.015 34.372 0.28
1994t 0.036 36.264 0.181
1995ac 0.049 36.518 0.159
1995ak 0.022 35.017 0.216
1996c 0.028 35.816 0.188
1996ab 0.124 39.152 0.148
1996bl 0.036 35.995 0.167
1996bv 0.017 34.257 0.254
1996bo 0.016 34.165 0.257
2000fa 0.022 35.048 0.296
2000dk 0.016 34.33 0.325
2000cn 0.023 35.219 0.293
2000cf 0.036 36.276 0.268
1999gd 0.019 35.192 0.313
1999ek 0.018 34.503 0.338
1999cc 0.032 35.866 0.272
1998eg 0.024 35.348 0.292
1998ef 0.017 34.037 0.324
1998dx 0.054 36.587 0.26
1998co 0.017 34.396 0.322
1998ab 0.028 35.169 0.275
1998v 0.017 34.348 0.321
1997dg 0.03 36.118 0.272
1997y 0.017 34.522 0.324
1999aa 0.015 34.268 0.223
1999ao 0.054 37.124 0.106
1999ar 0.156 39.448 0.074
1999aw 0.039 36.467 0.097
1999bi 0.124 38.904 0.084
1999bm 0.144 39.187 0.067
1999bn 0.13 39.15 0.075
1999bp 0.078 37.966 0.074
1996h 0.62 43.399 0.342
1996i 0.57 42.797 0.313
1996j 0.3 41.053 0.294
1996k 0.38 42.178 0.273
1996u 0.43 42.519 0.326
1995ao 0.24 41.032 0.567
1995ap 0.3 40.295 0.865
1996t 0.24 41.086 0.267
1997ce 0.44 42.195 0.275
1997cj 0.5 42.597 0.277
1997ck 0.97 43.134 0.74
1995k 0.479 42.471 0.294
1997ap 0.83 43.649 0.358
1997am 0.416 42.231 0.408
1997aj 0.581 42.067 0.398
1997ai 0.45 41.933 0.356
1997af 0.579 43.325 0.526
1997ac 0.32 41.339 0.328
1997r 0.657 43.23 0.517
1997p 0.472 42.235 0.44
1997o 0.374 43.325 0.858
1997h 0.526 42.117 0.38
1997g 0.763 44.643 0.851
1997f 0.58 43.115 0.382
1996cn 0.43 41.975 0.369
1996cm 0.45 42.405 0.396
1996cl 0.828 44.356 0.822
1996ck 0.656 43.385 0.503
1996ci 0.495 42.289 0.381
1996cg 0.49 41.914 0.346
1996cf 0.57 42.9 0.383
1995ba 0.388 42.315 0.351
1995az 0.45 42.427 0.361
1995ay 0.48 42.3 0.377
1995ax 0.615 42.782 0.486
1995aw 0.4 42.333 0.359
1995at 0.655 42.456 0.478
1995as 0.498 43.2 0.422
1995ar 0.465 41.893 0.645
1995aq 0.453 42.889 0.369
1994g 0.425 41.447 0.341
1999fw 0.278 40.815 0.199
1999fn 0.477 42.17 0.167
1999fm 0.95 43.859 0.262
1999fk 1.057 44.25 0.243
1999fj 0.816 43.994 0.47
1999ff 0.455 42.501 0.253
2002ad 0.514 42.621 0.65
2002ab 0.423 41.756 0.221
2002aa 0.946 43.238 0.875
2002x 0.859 44.23 0.275
2002w 1.031 42.137 1.329
2001kd 0.936 44.367 0.488
2001jp 0.528 42.539 0.221
2001jn 0.645 44.165 0.906
2001jm 0.978 43.804 0.284
2001jh 0.885 44.425 0.474
2001jf 0.815 44.303 1.095
2001iy 0.568 42.772 0.268
2001ix 0.711 43.448 0.232
2001iw 0.34 41.247 0.232
2001iv 0.397 41.521 0.221
2001hy 0.812 43.977 0.26
2001hx 0.799 43.211 0.245
2001hu 0.882 42.904 0.471
2001hs 0.833 43.525 0.321
2001fs 0.874 43.428 0.457
2001fo 0.772 43.657 0.243
2000fr 0.543 42.558 0.108
1998bi 0.75 43.339 0.11
1998be 0.64 42.878 0.202
1998ba 0.43 42.363 0.115
1998ay 0.64 43.365 0.162
1998ax 0.497 42.557 0.13
1998aw 0.44 42.081 0.095
1998as 0.355 41.649 0.107
1997ez 0.78 43.629 0.12
1997eq 0.54 42.614 0.083
1997ek 0.86 43.893 0.132
04Eag 1.02 44.344 0.193
04Gre 1.14 44.446 0.27
04Man 0.854 44.102 0.193
04Mcg 1.37 44.928 0.35
04Omb 0.975 44.358 0.178
04Pat 0.97 44.783 0.214
04Rak 0.74 43.614 0.174
04Sas 1.39 44.888 0.908
04Yow 0.46 42.259 0.178
05Fer 1.02 44.109 0.22
05Gab 1.12 44.407 0.213
05Lan 1.23 44.973 0.213
05Red 1.19 44.205 0.227
05Spo 0.839 43.768 0.192
05Str 1.01 44.62 0.18
05Zwi 0.521 42.562 0.172
2002dc 0.475 42.344 0.342
2002dd 0.95 43.9 0.183
2002fw 1.3 45.114 0.319
2002hp 1.305 44.572 0.265
2002hr 0.526 43.127 0.205
2002kd 0.735 43.282 0.154
2002ki 1.14 44.115 0.725
2003ak 1.551 45.403 0.607
2003az 1.265 44.744 0.206
2003dy 1.34 45.054 0.26
2003eq 0.84 43.726 0.178
03D4au 0.468 42.574 0.13
04D4bk 0.84 43.474 0.32
04D3nr 0.96 43.724 0.397
04D3lu 0.822 43.691 0.317
04D3ki 0.93 44.884 0.644
04D3gt 0.451 41.907 0.111
04D3do 0.61 43.068 0.121
04D3cp 0.83 45.007 0.442
04D2gp 0.707 43.496 0.22
04D2fp 0.415 41.919 0.098
04D1ag 0.557 42.856 0.12
03D4fd 0.791 43.497 0.167
03D4cz 0.695 43.34 0.151
03D4at 0.633 43.387 0.172
03D3bh 0.249 40.815 0.16
03D3af 0.532 42.803 0.174
03D1fc 0.331 41.087 0.086
03D1bp 0.346 41.405 0.095
04D4dw 0.961 44.296 0.502
04D4an 0.613 43.106 0.123
04D3nh 0.34 41.41 0.086
04D3lp 0.983 44.132 0.818
04D3is 0.71 43.13 0.162
04D3fq 0.73 43.469 0.142
04D3df 0.47 42.444 0.121
04D3co 0.62 43.264 0.121
04D2gc 0.521 42.405 0.141
04D2cf 0.369 41.668 0.099
03D4gl 0.571 42.622 0.149
03D4dy 0.604 42.574 0.11
03D4cy 0.927 44.998 0.576
03D4ag 0.285 40.907 0.099
03D3ba 0.291 40.891 0.097
03D1gt 0.548 42.789 0.167
03D1ew 0.868 44.144 0.652
03D1ax 0.496 42.405 0.13
04D4dm 0.811 44.269 0.368
04D3oe 0.756 43.905 0.171
04D3nc 0.817 43.716 0.292
04D3ks 0.752 43.305 0.15
04D3hn 0.552 42.526 0.121
04D3fk 0.358 41.507 0.099
04D3dd 1.01 44.877 0.86
04D2ja 0.741 43.684 0.133
04D2gb 0.43 42.018 0.108
04D1ak 0.526 42.82 0.117
03D4gg 0.592 42.657 0.172
03D4di 0.905 43.827 0.386
03D4cx 0.949 43.608 0.436
03D3cd 0.461 42.134 0.272
03D3ay 0.371 41.679 0.097
03D1fq 0.8 44.709 0.549
03D1co 0.679 43.577 0.151
03D1aw 0.582 43.004 0.163
04D4bq 0.55 42.54 0.129
04D3ny 0.81 43.928 0.482
04D3ml 0.95 43.913 0.454
04D3kr 0.337 41.328 0.086
04D3gx 0.91 44.631 0.357
04D3ez 0.263 40.775 0.086
04D3cy 0.643 43.163 0.13
04D2iu 0.691 43.295 0.142
04D2fs 0.357 41.474 0.097
04D1aj 0.721 43.27 0.171
03D4gf 0.581 42.969 0.12
03D4dh 0.627 42.878 0.123
03D4cn 0.818 43.727 0.553
03D3aw 0.449 42.082 0.121
03D1fl 0.688 43.226 0.153
03D1cm 0.87 44.264 0.461
03D1au 0.504 42.466 0.108
b010 0.591 43.525 0.241
b013 0.426 41.95 0.179
b016 0.329 41.465 0.27
d033 0.531 43.269 0.273
d058 0.583 42.7 0.468
d084 0.519 43.242 0.419
d085 0.401 41.762 0.231
d087 0.34 41.259 0.225
d089 0.436 42.014 0.197
d093 0.363 41.586 0.183
d097 0.436 42.054 0.185
d117 0.309 41.432 0.183
d149 0.342 41.486 0.177
e029 0.332 41.346 0.193
e108 0.469 42.268 0.196
e132 0.239 40.573 0.166
e136 0.352 41.549 0.193
e138 0.612 42.212 0.837
e140 0.631 42.713 0.244
e147 0.645 43.028 0.205
e148 0.429 42.005 0.197
e149 0.497 42.239 0.202
f011 0.539 42.528 0.213
f041 0.561 42.771 0.223
f076 0.41 41.477 0.194
f096 0.412 41.827 0.335
f216 0.599 43.036 0.261
f231 0.619 43.108 0.223
f235 0.422 41.843 0.216
f244 0.54 42.742 0.224
f308 0.401 42.205 0.312
g005 0.218 40.4 0.173
g050 0.633 42.362 0.272
g052 0.383 41.781 0.211
g055 0.302 41.553 0.327
g097 0.34 41.242 0.177
g120 0.51 42.05 0.231
g133 0.421 42.044 0.207
g142 0.399 41.786 0.306
g160 0.493 42.252 0.202
g240 0.687 43.024 0.253
h283 0.502 42.014 0.433
h300 0.687 42.982 0.227
h319 0.495 42.347 0.226
h323 0.603 42.794 0.243
h342 0.421 42.22 0.27
h359 0.348 41.664 0.177
h363 0.213 40.393 0.186
h364 0.344 41.258 0.177
k396 0.271 40.681 0.182
k411 0.564 42.579 0.373
k425 0.274 40.904 0.19
k430 0.582 43.407 0.254
k441 0.68 42.941 0.224
k448 0.401 42.016 0.212
k485 0.416 41.715 0.321
m027 0.286 41.487 0.35
m062 0.314 41.166 0.263
m138 0.581 43.873 0.357
m158 0.463 42.062 0.243
m193 0.341 41.281 0.186
m226 0.671 42.233 0.408
n256 0.631 43.117 0.206
n258 0.522 42.85 0.292
n263 0.368 41.597 0.177
n278 0.309 40.991 0.185
n285 0.528 42.623 0.376
n326 0.268 40.92 0.175
p454 0.695 43.087 0.436
p455 0.284 40.965 0.175
p524 0.508 42.296 0.188
p528 0.781 43.535 0.459
p534 0.613 42.613 0.612
sn01G 0.017 34.285 0.218
sn01ah 0.058 37.092 0.153
sn01az 0.041 36.355 0.175
sn01bf 0.015 34.059 0.229
sn01cp 0.022 35.447 0.19
sn01da 0.016 34.443 0.224
sn01eh 0.036 36.18 0.16
sn02bf 0.025 35.01 0.18
sn02ck 0.03 35.661 0.17
sn02de 0.028 35.675 0.174
sn02do 0.015 34.315 0.23
sn02G 0.035 36.077 0.18
sn02hd 0.036 35.757 0.167
sn02he 0.025 35.311 0.181
sn02hu 0.038 36.15 0.158
sn02hw 0.016 34.59 0.221
sn02jy 0.02 35.169 0.197
sn02kf 0.019 34.912 0.2
sn03U 0.028 35.463 0.173
sn03W 0.021 34.757 0.192
sn03ch 0.03 35.826 0.169
sn03cq 0.034 36.024 0.169
sn03fa 0.039 36.212 0.157
sn03ic 0.054 36.685 0.157
sn03it 0.024 35.358 0.185
sn03iv 0.034 36.104 0.165
sn04as 0.032 36.021 0.166
sn04bg 0.022 35.091 0.193
sn04L 0.033 36.074 0.172
sn05eq 0.028 35.726 0.171
sn05eu 0.034 36.088 0.163
sn05hc 0.045 36.634 0.153
sn05hj 0.057 37.24 0.162
sn05iq 0.033 36.166 0.165
sn05ir 0.075 38.109 0.172
sn05ki 0.021 34.864 0.194
sn05ls 0.021 34.846 0.195
sn05lz 0.04 36.432 0.157
sn05mc 0.026 35.518 0.176
sn05ms 0.026 35.489 0.176
sn05mz 0.017 34.628 0.215
sn05na 0.027 35.417 0.174
sn06ac 0.024 35.21 0.183
sn06al 0.069 37.691 0.148
sn06an 0.065 37.4 0.152
sn06ar 0.023 35.305 0.186
sn06ax 0.018 34.524 0.208
sn06az 0.032 35.806 0.165
sn06bq 0.021 35.053 0.191
sn06bt 0.033 35.981 0.164
sn06bu 0.084 38.143 0.19
sn06bz 0.028 35.638 0.174
sn06cc 0.033 36.209 0.163
sn06cf 0.042 36.436 0.155
sn06cj 0.068 37.784 0.161
sn06cp 0.023 34.977 0.184
sn06cq 0.049 36.907 0.161
sn06ej 0.019 34.962 0.202
sn06en 0.031 35.953 0.167
sn06et 0.021 35.128 0.193
sn06gj 0.028 35.849 0.175
sn06gr 0.034 36.023 0.162
sn06kf 0.021 35.001 0.194
sn06le 0.017 34.348 0.212
sn06mo 0.036 36.306 0.16
sn06nz 0.037 36.267 0.162
sn06oa 0.059 37.025 0.148
sn06ob 0.058 37.146 0.149
sn06on 0.069 37.591 0.163
sn06os 0.032 35.844 0.169
sn06qo 0.03 35.746 0.168
sn06S 0.033 36.036 0.165
sn06sr 0.023 35.272 0.185
sn06td 0.015 34.535 0.231
sn06te 0.032 35.996 0.166
sn07ae 0.064 37.233 0.162
sn07ai 0.032 36.008 0.167
sn07au 0.02 34.916 0.197
sn07bc 0.022 35.003 0.19
sn07bd 0.032 35.736 0.164
sn07ca 0.015 34.687 0.229
sn07ci 0.019 34.656 0.202
sn07co 0.027 35.415 0.174
sn07cq 0.025 35.09 0.18
sn07F 0.024 35.37 0.181
sn07O 0.036 36.17 0.162
sn07qe 0.023 35.275 0.18
sn07R 0.031 36.087 0.175
sn08L 0.019 34.457 0.204
sn08bf 0.026 35.177 0.178
